00000011
01000405
01000100
0B590100
000055FF
00000001
00000010
314E5A5F
635F5F31
676E696C
39354E5F
6E693131
5F727473
64726F77
00004573
07BD9630
000055FF
02000200
000340D0
00010000
02000200
000340D4
00000000
02000200
000340E0
4B222125
02000200
000340E4
2D2C1A4F
02000200
0003FF00
00000121
02000200
0003FF04
00000000
0600012D
00000000
00002000
00004000
00000000
00000000
80000000
00000000
00000000
02000000
02000000
0001D20C
0000000D
06000120
00000000
00001000
00000000
00000000
00000000
80000000
00000000
00000000
02000000
02000000
0001D204
80000000
06000101
00000000
00001000
00000000
00000000
00000000
80000000
00000000
00000000
02000000
02000000
0001D214
00000001
06000112
00000000
00000001
00000000
00000000
00000000
80000000
00000000
00000000
02000000
02000000
0001D21C
00000002
03000000
00010100
